1	Hello World!	2015	12	8
2	中华人民共和国成立。	1949	10	1
3	干力雄出生。	1988	8	7
4	莫莫出生。	1993	12	25
5	希特勒上台成为总理。	1933	1	30
6	贝多芬出生。	1770	12	16
7	贝多芬创作出第一部交响曲。	1800	1	1
8	北平（北京）大中学生数千人举行了抗日救国示威游行。	1935	12	9
9	诺贝尔奖金设立。	1901	12	10
10	弗洛伊德移居到伦敦。	1938	5	1
11	茨威格离开奥地利去英国。	1934	1	1
12	德国兼并奥地利。	1938	3	13
13	日本内阁通过《对华交涉案》，即“二十一条”。	1914	12	11
14	袁世凯称帝。	1915	12	11
15	纳粹德国对美国宣战。	1941	12	11
16	中国正式加入世界贸易组织	2001	12	11
17	东汉献帝禅位，曹丕当上皇帝，改国号为魏。	220	12	11
18	西晋灭亡。	316	12	11
19	张学良、杨虎城发动“西安事变”。	1936	12	12
20	荷兰航海家亚伯·塔斯曼发现新西兰。	1642	12	12
